format long e
a = 0.1
b = 0.099999999999
a-b